
 Matrix Created with 11 rows and 16 columns

 [[6.5143 6.7458 4.4489 8.2477 8.9494 1.6908 7.274  4.0423 9.9138 2.5825
  1.3281 3.4112 3.3276 1.1292 5.3883 5.9044]
 [4.9485 9.4135 8.1942 8.2279 9.0531 3.9106 5.9546 2.1799 3.3128 9.422
  2.6104 3.853  4.3153 9.6704 1.9854 6.5669]
 [7.4345 7.0328 6.4202 8.2377 1.6285 1.2918 9.8983 2.5091 3.6733 7.449
  8.7071 8.3528 4.6198 4.7599 3.1294 3.2347]
 [7.0501 8.335  5.5278 4.5247 3.4866 1.8903 9.3329 6.1339 4.9474 1.7411
  1.0793 3.1625 9.5091 2.2163 3.8885 2.0096]
 [3.1055 3.4996 3.8567 8.2615 7.7062 3.6902 4.1062 6.0537 4.4542 3.0636
  8.2334 6.9476 4.3351 6.9655 1.5865 6.9299]
 [4.4882 7.5548 2.4151 9.5436 9.7982 1.5134 7.6985 4.0383 8.4425 1.8751
  4.0419 5.7908 3.7799 2.7151 4.418  7.7787]
 [2.5526 7.7442 7.4509 1.1604 4.2521 9.7522 1.5652 3.0384 7.386  6.5056
  8.9715 4.7783 5.1646 1.3155 5.1918 5.661 ]
 [7.9713 6.1045 6.6589 7.3442 8.2308 1.5131 7.9962 1.5602 2.4835 8.1397
  1.4987 4.9188 4.971  9.2439 8.5886 1.2051]
 [9.0561 6.1731 2.3805 1.2664 3.9493 8.6258 7.0931 7.0755 7.5812 2.9903
  2.1706 7.7482 4.5406 5.8816 9.1491 3.4333]
 [3.7855 5.9706 7.6902 6.6536 1.382  5.4269 3.0315 9.6282 7.2194 2.118
  8.5021 2.3131 1.5649 5.6507 8.3645 6.0058]
 [5.2498 4.5134 3.8944 9.9246 4.4103 1.5761 1.7096 9.5148 7.3891 2.1442
  5.8959 4.2484 1.5222 9.0277 3.4334 9.8913]]

 Infinite Norm of matrix =  93.6185

 Generated b matrix of size 11 * 1

 [[2.0858]
 [1.0757]
 [1.1464]
 [9.0378]
 [5.98  ]
 [6.9621]
 [5.0628]
 [4.2332]
 [3.8525]
 [9.4783]
 [7.3233]]

 Frobenius norm of ||x(0) - x(-1)|| =  3.99996e-13
Learning Rate: 0.00019754769955025703

 Iteration 1 and x(1) : 
 [[0.05864225]
 [0.07103592]
 [0.05764088]
 [0.07305845]
 [0.05789414]
 [0.04166119]
 [0.06040612]
 [0.06787549]
 [0.07076828]
 [0.03671689]
 [0.05661336]
 [0.05120053]
 [0.04854211]
 [0.05668104]
 [0.05821053]
 [0.06187143]] 

 f(x) value for generated x:  46.93542544000002

 Frobenius norm of ||x(1) - x(1-1)|| = 0.23549279066312673 
